 0.00000000e+00  0.00000000e+00 
 1.00000000e-06  6.19897092e-04 
 1.00271297e-06  6.22516162e-04 
 1.00813892e-06  6.27673168e-04 
 1.01899082e-06  6.38058513e-04 
 1.04069462e-06  6.58949919e-04 
 1.08410221e-06  7.00324702e-04 
 1.14838445e-06  7.58473756e-04 
 1.21579026e-06  8.13821994e-04 
 1.30098707e-06  8.75072298e-04 
 1.40694588e-06  9.39272770e-04 
 1.58796952e-06  1.02592220e-03 
 1.73306300e-06  1.08005261e-03 
 1.89795594e-06  1.13119484e-03 
 2.09498453e-06  1.18301169e-03 
 2.32569142e-06  1.23589657e-03 
 2.59997506e-06  1.29267315e-03 
 2.93259130e-06  1.35689442e-03 
 3.35575648e-06  1.43493191e-03 
 3.91950368e-06  1.53539157e-03 
 4.73265831e-06  1.67520453e-03 
 6.04377424e-06  1.88841113e-03 
 8.65427378e-06  2.26361873e-03 
 1.38752729e-05  2.79175338e-03 
 1.98733221e-05  3.00828882e-03 
 2.74225832e-05  2.72089141e-03 
 3.35738573e-05  2.11731002e-03 
 3.76734878e-05  1.59613332e-03 
 4.13505951e-05  1.09338226e-03 
 4.52346958e-05  5.64912534e-04 
 4.90834779e-05  7.81793176e-05 
 5.32059389e-05 -3.67980499e-04 
 5.72545589e-05 -7.04146987e-04 
 6.14725329e-05 -9.27962485e-04 
 6.77456952e-05 -1.01071273e-03 
 7.43460421e-05 -8.00983216e-04 
 7.90811341e-05 -4.98956208e-04 
 8.31063280e-05 -1.76168995e-04 
 8.72021861e-05  1.83437071e-04 
 9.12554502e-05  5.41531858e-04 
 9.53419921e-05  8.77552134e-04 
 9.95207252e-05  1.17084568e-03 
 1.03583881e-04  1.38926904e-03 
 1.08960364e-04  1.55831622e-03 
 1.16042316e-04  1.56699649e-03 
 1.21641401e-04  1.41775905e-03 
 1.25936583e-04  1.23062605e-03 
 1.29817085e-04  1.02583815e-03 
 1.33805097e-04  7.98102901e-04 
 1.37659418e-04  5.77638399e-04 
 1.42055246e-04  3.45291183e-04 
 1.46288768e-04  1.56821862e-04 
 1.51646110e-04 -1.23094564e-05 
 1.57983600e-04 -9.72968732e-05 
 1.64949932e-04 -4.87725104e-05 
 1.70683404e-04  8.50312342e-05 
 1.75387430e-04  2.38431525e-04 
 1.79531336e-04  3.90491761e-04 
 1.83689988e-04  5.45203365e-04 
 1.87918575e-04  6.92095572e-04 
 1.92406832e-04  8.24309269e-04 
 1.96883713e-04  9.22326102e-04 
 2.01398845e-04  9.80779809e-04 
 2.05859326e-04  9.96708828e-04 
 2.11587660e-04  9.60209486e-04 
 2.16975007e-04  8.77258573e-04 
 2.22128036e-04  7.67838414e-04 
 2.27362815e-04  6.42874924e-04 
 2.31961955e-04  5.34298274e-04 
 2.36612847e-04  4.36747494e-04 
 2.40989833e-04  3.63646574e-04 
 2.46288740e-04  3.06470272e-04 
 2.53165320e-04  2.87764252e-04 
 2.60104499e-04  3.27790734e-04 
 2.65769868e-04  3.94579824e-04 
 2.70615465e-04  4.66263770e-04 
 2.75641804e-04  5.44876825e-04 
 2.80451629e-04  6.15863597e-04 
 2.85461990e-04  6.77732393e-04 
 2.91908151e-04  7.30301374e-04 
 2.99619248e-04  7.47143071e-04 
 3.09782310e-04  7.00944162e-04 
 3.15819231e-04  6.46817948e-04 
 3.21027519e-04  5.93883010e-04 
 3.26331784e-04  5.41656935e-04 
 3.31678055e-04  4.97073866e-04 
 3.37014591e-04  4.65442269e-04 
 3.43201864e-04  4.48334496e-04 
 3.49825968e-04  4.53526021e-04 
 3.56337124e-04  4.78691619e-04 
 3.62947138e-04  5.17522228e-04 
 3.69704535e-04  5.61911131e-04 
 3.75819606e-04  5.98630851e-04 
 3.82147006e-04  6.26881371e-04 
 3.89822453e-04  6.42795664e-04 
 3.99744543e-04  6.33317621e-04 
 4.07506351e-04  6.07490770e-04 
 4.14587752e-04  5.77444545e-04 
 4.21556882e-04  5.49021150e-04 
 4.28554329e-04  5.27434283e-04 
 4.35629999e-04  5.16399710e-04 
 4.44632541e-04  5.19133097e-04 
 4.54749715e-04  5.39445387e-04 
 4.63516573e-04  5.63716546e-04 
 4.71551726e-04  5.83778686e-04 
 4.79646827e-04  5.96470107e-04 
 4.88992200e-04  5.98832359e-04 
 5.02737668e-04  5.83133729e-04 
 5.13819639e-04  5.63147888e-04 
 5.23607536e-04  5.49133322e-04 
 5.33453315e-04  5.43708966e-04 
 5.45438998e-04  5.49315056e-04 
 5.58770722e-04  5.64289723e-04 
 5.71389364e-04  5.77047676e-04 
 5.84016762e-04  5.81068450e-04 
 5.97675141e-04  5.74994570e-04 
 6.13910573e-04  5.62600432e-04 
 6.30561328e-04  5.55754936e-04 
 6.46251809e-04  5.59166491e-04 
 6.68442110e-04  5.69895402e-04 
 6.91014977e-04  5.73033212e-04 
 7.12290979e-04  5.66481062e-04 
 7.40242653e-04  5.60625587e-04 
 7.66441050e-04  5.65091855e-04 
 8.03329796e-04  5.70192421e-04 
 8.39823939e-04  5.65087074e-04 
 8.87581366e-04  5.63732973e-04 
 9.38355270e-04  5.68773004e-04 
 1.00000000e-03  5.65015447e-04 
 1.01015478e-03  5.64424591e-04 
 1.03046434e-03  5.64675790e-04 
 1.06181740e-03  5.67030995e-04 
 1.09014741e-03  5.67047237e-04 
 1.12062396e-03  5.65289730e-04 
 1.15072363e-03  5.65363369e-04 
 1.18500088e-03  5.66748754e-04 
 1.22285039e-03  5.66305996e-04 
 1.26363471e-03  5.65402737e-04 
 1.32403413e-03  5.66418025e-04 
 1.38429782e-03  5.66165624e-04 
 1.44608971e-03  5.65637679e-04 
 1.56967347e-03  5.66494827e-04 
 1.68759691e-03  5.65680911e-04 
 1.80900341e-03  5.66290744e-04 
 1.95795218e-03  5.65952945e-04 
 2.12156826e-03  5.66028695e-04 
 2.32156826e-03  5.66171122e-04 
 2.52156826e-03  5.65859528e-04 
 2.72156826e-03  5.66302822e-04 
 2.92156826e-03  5.65772838e-04 
 3.12156826e-03  5.66341085e-04 
 3.32156826e-03  5.65782337e-04 
 3.52156826e-03  5.66288208e-04 
 3.72156826e-03  5.65871118e-04 
 3.92156826e-03  5.66173263e-04 
 4.12156826e-03  5.66001165e-04 
 4.32156826e-03  5.66039529e-04 
 4.52156826e-03  5.66127750e-04 
 4.72156826e-03  5.65929539e-04 
 4.92156826e-03  5.66213725e-04 
 5.12156826e-03  5.65872536e-04 
 5.32156826e-03  5.66239462e-04 
 5.52156826e-03  5.65877719e-04 
 5.72156826e-03  5.66206122e-04 
 5.92156826e-03  5.65934442e-04 
 6.12156826e-03  5.66132272e-04 
 6.32156826e-03  5.66018286e-04 
 6.52156826e-03  5.66045810e-04 
 6.72156826e-03  5.66100341e-04 
 6.92156826e-03  5.65974304e-04 
 7.12156826e-03  5.66156459e-04 
 7.32156826e-03  5.65936834e-04 
 7.52156826e-03  5.66173742e-04 
 7.72156826e-03  5.65939564e-04 
 7.92156826e-03  5.66152737e-04 
 8.12156826e-03  5.65975797e-04 
 8.32156826e-03  5.66105296e-04 
 8.52156826e-03  5.66029848e-04 
 8.72156826e-03  5.66049403e-04 
 8.92156826e-03  5.66083032e-04 
 9.12156826e-03  5.66002920e-04 
 9.32156826e-03  5.66119655e-04 
 9.52156826e-03  5.65978298e-04 
 9.72156826e-03  5.66131246e-04 
 9.92156826e-03  5.65979660e-04 
 1.00000000e-02  5.66097047e-04 
