 0.00000000e+00  0.00000000e+00 
 5.00000000e-07  3.17342666e-04 
 5.01485654e-07  3.19288399e-04 
 5.04456962e-07  3.23131483e-04 
 5.10399578e-07  3.30888679e-04 
 5.22284811e-07  3.46619754e-04 
 5.46055275e-07  3.78614640e-04 
 5.93596205e-07  4.42530976e-04 
 6.48723444e-07  5.13512403e-04 
 7.14932357e-07  5.91312604e-04 
 7.89063312e-07  6.67852756e-04 
 8.90911043e-07  7.56358240e-04 
 1.03389468e-06  8.54591691e-04 
 1.19203731e-06  9.37417575e-04 
 1.34989521e-06  1.00192318e-03 
 1.53860518e-06  1.06401551e-03 
 1.71783454e-06  1.11333924e-03 
 1.94854545e-06  1.16887456e-03 
 2.19924297e-06  1.22338094e-03 
 2.53311018e-06  1.29129939e-03 
 2.92026011e-06  1.36688363e-03 
 3.46821698e-06  1.47137101e-03 
 4.19186818e-06  1.60689484e-03 
 5.40478590e-06  1.82865468e-03 
 7.53579027e-06  2.19921402e-03 
 1.17977990e-05  2.84570166e-03 
 1.87015806e-05  3.54456148e-03 
 2.58206916e-05  3.72849761e-03 
 3.45563991e-05  3.18136500e-03 
 4.26030634e-05  2.04219348e-03 
 4.77963386e-05  1.08850272e-03 
 5.23613150e-05  1.94018010e-04 
 5.70266799e-05 -7.01565633e-04 
 6.15325033e-05 -1.48541826e-03 
 6.68088859e-05 -2.22462094e-03 
 7.17149185e-05 -2.68193522e-03 
 7.60888373e-05 -2.86930835e-03 
 8.05172880e-05 -2.83301374e-03 
 8.49914176e-05 -2.56827455e-03 
 9.12800482e-05 -1.85273636e-03 
 9.71938017e-05 -8.92777682e-04 
 1.02121737e-04  3.70979683e-05 
 1.06680375e-04  9.28568039e-04 
 1.11280550e-04  1.78968851e-03 
 1.15766890e-04  2.53156395e-03 
 1.22059875e-04  3.30626710e-03 
 1.28867566e-04  3.69626942e-03 
 1.37075362e-04  3.47599564e-03 
 1.45814749e-04  2.48525019e-03 
 1.51608863e-04  1.50245518e-03 
 1.56349764e-04  5.96293489e-04 
 1.61297121e-04 -3.61697138e-04 
 1.65828020e-04 -1.18232469e-03 
 1.70379695e-04 -1.88943762e-03 
 1.76567426e-04 -2.56942904e-03 
 1.81198019e-04 -2.82211840e-03 
 1.85411319e-04 -2.83952653e-03 
 1.89634918e-04 -2.65209660e-03 
 1.95467127e-04 -2.08380566e-03 
 2.02255062e-04 -1.06073692e-03 
 2.07439905e-04 -1.05925786e-04 
 2.12017988e-04  7.82369656e-04 
 2.16786990e-04  1.67738354e-03 
 2.21263598e-04  2.42747320e-03 
 2.27382617e-04  3.21113206e-03 
 2.34066772e-04  3.64992163e-03 
 2.42171498e-04  3.51749116e-03 
 2.50786077e-04  2.62913674e-03 
 2.56792268e-04  1.65357103e-03 
 2.61610848e-04  7.49921733e-04 
 2.66677265e-04 -2.26283110e-04 
 2.71337946e-04 -1.07519441e-03 
 2.75908137e-04 -1.79665096e-03 
 2.81893935e-04 -2.48539704e-03 
 2.86494059e-04 -2.77227932e-03 
 2.90737341e-04 -2.82621107e-03 
 2.94997228e-04 -2.67296120e-03 
 3.00485760e-04 -2.18896920e-03 
 3.07105223e-04 -1.25209210e-03 
 3.12325335e-04 -3.22371013e-04 
 3.17037901e-04  5.81205836e-04 
 3.21829195e-04  1.48585884e-03 
 3.26345012e-04  2.26114281e-03 
 3.32058847e-04  3.04378176e-03 
 3.38637822e-04  3.57020913e-03 
 3.46451281e-04  3.58409699e-03 
 3.54945980e-04  2.86208707e-03 
 3.61287221e-04  1.91185949e-03 
 3.66148442e-04  1.03105013e-03 
 3.70822200e-04  1.35736917e-04 
 3.75566424e-04 -7.49502247e-04 
 3.80099415e-04 -1.50960368e-03 
 3.85490872e-04 -2.22590556e-03 
 3.90299321e-04 -2.63976034e-03 
 3.94644904e-04 -2.80042109e-03 
 3.99039649e-04 -2.74483103e-03 
 4.03565648e-04 -2.46281305e-03 
 4.09851352e-04 -1.73884847e-03 
 4.15466506e-04 -8.36719132e-04 
 4.20304739e-04  5.71624518e-05 
 4.25347768e-04  1.01834651e-03 
 4.29905776e-04  1.84408989e-03 
 4.34635116e-04  2.58936395e-03 
 4.40884036e-04  3.30173203e-03 
 4.47946598e-04  3.63439892e-03 
 4.56156702e-04  3.33459253e-03 
 4.65199653e-04  2.25039826e-03 
 4.70831310e-04  1.28323450e-03 
 4.75503511e-04  4.01595608e-04 
 4.80331357e-04 -5.06006188e-04 
 4.84843935e-04 -1.28718606e-03 
 4.89714296e-04 -1.99029871e-03 
 4.95109406e-04 -2.53176026e-03 
 4.99586771e-04 -2.75467549e-03 
 5.04137958e-04 -2.75146972e-03 
 5.08395525e-04 -2.53872372e-03 
 5.14387900e-04 -1.92863775e-03 
 5.21147357e-04 -8.98365143e-04 
 5.26288080e-04  3.89760405e-05 
 5.30845723e-04  9.03262340e-04 
 5.35455576e-04  1.74070197e-03 
 5.39928108e-04  2.45923547e-03 
 5.46179059e-04  3.20975728e-03 
 5.52958137e-04  3.59443686e-03 
 5.61216677e-04  3.38874633e-03 
 5.69960240e-04  2.43344169e-03 
 5.75795798e-04  1.47553221e-03 
 5.80548784e-04  5.94939239e-04 
 5.85506295e-04 -3.35931459e-04 
 5.90037763e-04 -1.13196191e-03 
 5.94590647e-04 -1.81809600e-03 
 6.00726007e-04 -2.47400817e-03 
 6.05343891e-04 -2.72166725e-03 
 6.09561228e-04 -2.74191328e-03 
 6.13790046e-04 -2.56300078e-03 
 6.19413083e-04 -2.04016097e-03 
 6.26102214e-04 -1.07668297e-03 
 6.31295927e-04 -1.55933648e-04 
 6.36000051e-04  7.28181374e-04 
 6.40796168e-04  1.60373059e-03 
 6.45295923e-04  2.33960205e-03 
 6.51283893e-04  3.09579901e-03 
 6.57945030e-04  3.54193305e-03 
 6.66032236e-04  3.44374038e-03 
 6.74653009e-04  2.60908900e-03 
 6.80682290e-04  1.67155937e-03 
 6.85508628e-04  7.98162579e-04 
 6.90612272e-04 -1.55943583e-04 
 6.95250464e-04 -9.80021455e-04 
 6.99833963e-04 -1.69005166e-03 
 7.05653102e-04 -2.35855119e-03 
 7.10223242e-04 -2.65707038e-03 
 7.14481424e-04 -2.73171715e-03 
 7.18764936e-04 -2.60343790e-03 
 7.23877500e-04 -2.19716208e-03 
 7.30334735e-04 -1.35359878e-03 
 7.35584101e-04 -4.69271006e-04 
 7.40319228e-04  4.05375053e-04 
 7.45140401e-04  1.29594802e-03 
 7.49675125e-04  2.06974295e-03 
 7.55009788e-04  2.82153151e-03 
 7.61473472e-04  3.40518632e-03 
 7.69085854e-04  3.53810703e-03 
 7.77491631e-04  2.97638718e-03 
 7.84625189e-04  2.00703787e-03 
 7.89784109e-04  1.11584285e-03 
 7.94391641e-04  2.61777636e-04 
 7.99084413e-04 -5.94654069e-04 
 8.03604155e-04 -1.34568229e-03 
 8.08670548e-04 -2.03282999e-03 
 8.13883759e-04 -2.50844670e-03 
 8.18311768e-04 -2.69465526e-03 
 8.22804689e-04 -2.66362700e-03 
 8.27058048e-04 -2.43192273e-03 
 8.33125417e-04 -1.79721055e-03 
 8.39963389e-04 -7.52123909e-04 
 8.45092163e-04  1.71119198e-04 
 8.49631109e-04  1.01101504e-03 
 8.54217693e-04  1.81544994e-03 
 8.58816020e-04  2.51781708e-03 
 8.65193094e-04  3.22112341e-03 
 8.72135642e-04  3.53663497e-03 
 8.80533764e-04  3.23471145e-03 
 8.89496992e-04  2.18418504e-03 
 8.94990925e-04  1.26862071e-03 
 8.99647153e-04  4.17083596e-04 
 9.04457324e-04 -4.60521611e-04 
 9.08976926e-04 -1.22110165e-03 
 9.13741674e-04 -1.89322855e-03 
 9.19279001e-04 -2.43816027e-03 
 9.23782457e-04 -2.65758267e-03 
 9.28433199e-04 -2.65342729e-03 
 9.32680039e-04 -2.44480593e-03 
 9.38522905e-04 -1.86835547e-03 
 9.45168447e-04 -8.91571858e-04 
 9.50305035e-04  1.35512430e-05 
 9.54870610e-04  8.53171605e-04 
 9.59614673e-04  1.69026174e-03 
 9.64084605e-04  2.38824121e-03 
 9.70304697e-04  3.11664016e-03 
 9.77030645e-04  3.49516587e-03 
 9.85357228e-04  3.30419784e-03 
 9.94088437e-04  2.38565631e-03 
 1.00000000e-03  1.44682242e-03 
 1.00027947e-03  1.39776304e-03 
 1.00083841e-03  1.29912755e-03 
 1.00195630e-03  1.09910223e-03 
 1.00419207e-03  6.91426277e-04 
 1.00856474e-03 -1.09337102e-04 
 1.01292761e-03 -8.72225499e-04 
 1.01768193e-03 -1.60195681e-03 
 1.02326855e-03 -2.24869018e-03 
 1.02778656e-03 -2.56186950e-03 
 1.03206299e-03 -2.66093011e-03 
 1.03637403e-03 -2.55964832e-03 
 1.04110782e-03 -2.22475648e-03 
 1.04741117e-03 -1.46747525e-03 
 1.05277109e-03 -6.11707550e-04 
 1.05753920e-03  2.40591167e-04 
 1.06245466e-03  1.13259501e-03 
 1.06699954e-03  1.90554289e-03 
 1.07198586e-03  2.62626017e-03 
 1.07832819e-03  3.25619138e-03 
 1.08565380e-03  3.48971787e-03 
 1.09402194e-03  3.07350580e-03 
 1.10244822e-03  2.02334514e-03 
 1.10788823e-03  1.11070773e-03 
 1.11251268e-03  2.73484210e-04 
 1.11724574e-03 -5.70546030e-04 
 1.12175149e-03 -1.30233399e-03 
 1.12678065e-03 -1.97021715e-03 
 1.13209405e-03 -2.44390193e-03 
 1.13653583e-03 -2.62403236e-03 
 1.14104496e-03 -2.59044346e-03 
 1.14528851e-03 -2.36158501e-03 
 1.15123978e-03 -1.75259695e-03 
 1.15800948e-03 -7.44619894e-04 
 1.16313839e-03  1.55952746e-04 
 1.16768182e-03  9.77645010e-04 
 1.17227394e-03  1.76623614e-03 
 1.17678859e-03  2.44422255e-03 
 1.18314368e-03  3.13982401e-03 
 1.19000684e-03  3.46220325e-03 
 1.19846254e-03  3.18792335e-03 
 1.20736601e-03  2.18643785e-03 
 1.21305748e-03  1.26561367e-03 
 1.21775354e-03  4.27181391e-04 
 1.22260385e-03 -4.37534313e-04 
 1.22711983e-03 -1.18039683e-03 
 1.23183399e-03 -1.83168261e-03 
 1.23746577e-03 -2.37408673e-03 
 1.24198420e-03 -2.58773542e-03 
 1.24622108e-03 -2.59159217e-03 
 1.25047016e-03 -2.40394903e-03 
 1.25594889e-03 -1.90205630e-03 
 1.26257857e-03 -9.81159588e-04 
 1.26776488e-03 -1.00304054e-04 
 1.27235229e-03  7.23406409e-04 
 1.27701247e-03  1.53625135e-03 
 1.28150151e-03  2.23923592e-03 
 1.28739190e-03  2.95626548e-03 
 1.29404230e-03  3.39423299e-03 
 1.30217593e-03  3.31504390e-03 
 1.31082880e-03  2.52617006e-03 
 1.31695021e-03  1.62074377e-03 
 1.32181469e-03  7.80679055e-04 
 1.32635503e-03 -3.19524597e-05 
 1.33093842e-03 -8.18121948e-04 
 1.33544064e-03 -1.50115235e-03 
 1.34104501e-03 -2.15280996e-03 
 1.34576604e-03 -2.48536793e-03 
 1.35006626e-03 -2.59039766e-03 
 1.35440724e-03 -2.49731230e-03 
 1.35888294e-03 -2.19883189e-03 
 1.36511900e-03 -1.48713487e-03 
 1.37054777e-03 -6.52102106e-04 
 1.37534746e-03  1.82271862e-04 
 1.38030604e-03  1.06276079e-03 
 1.38485754e-03  1.82433100e-03 
 1.38968191e-03  2.51784565e-03 
 1.39597271e-03  3.15513465e-03 
 1.40313665e-03  3.42171629e-03 
 1.41154623e-03  3.06745641e-03 
 1.42080392e-03  1.96309576e-03 
 1.42640918e-03  1.03979435e-03 
 1.43103612e-03  2.20057483e-04 
 1.43578378e-03 -6.03918165e-04 
 1.44027406e-03 -1.30949291e-03 
 1.44540168e-03 -1.96094834e-03 
 1.45068064e-03 -2.40148937e-03 
 1.45510332e-03 -2.55978318e-03 
 1.45958947e-03 -2.51052237e-03 
 1.46382401e-03 -2.27308900e-03 
 1.46976099e-03 -1.66293659e-03 
 1.47575819e-03 -7.88667105e-04 
 1.48074381e-03  6.07217406e-05 
 1.48530814e-03  8.68186347e-04 
 1.48991654e-03  1.64940915e-03 
 1.49440142e-03  2.32181775e-03 
 1.50055358e-03  3.01388352e-03 
 1.50731138e-03  3.37911036e-03 
 1.51568278e-03  3.19056169e-03 
 1.52448449e-03  2.29289601e-03 
 1.53033362e-03  1.39586875e-03 
 1.53509492e-03  5.72416367e-04 
 1.54005027e-03 -2.95312570e-04 
 1.54456736e-03 -1.03469044e-03 
 1.54911983e-03 -1.67342422e-03 
 1.55515563e-03 -2.27589047e-03 
 1.55974811e-03 -2.50866243e-03 
 1.56396656e-03 -2.53093959e-03 
 1.56820338e-03 -2.36684484e-03 
 1.57333873e-03 -1.93473163e-03 
 1.57980706e-03 -1.09289571e-03 
 1.58501821e-03 -2.45388822e-04 
 1.58967074e-03  5.68150439e-04 
 1.59439727e-03  1.38213174e-03 
 1.59890847e-03  2.08943244e-03 
 1.60447485e-03  2.79037895e-03 
 1.61101846e-03  3.28146319e-03 
 1.61897756e-03  3.30831735e-03 
 1.62753784e-03  2.65090692e-03 
 1.63395695e-03  1.77453453e-03 
 1.63893611e-03  9.50979756e-04 
 1.64350606e-03  1.52405478e-04 
 1.64814497e-03 -6.37022140e-04 
 1.65266023e-03 -1.32869781e-03 
 1.65785712e-03 -1.96513603e-03 
 1.66305445e-03 -2.37567214e-03 
 1.66745574e-03 -2.51736804e-03 
 1.67191687e-03 -2.45635376e-03 
 1.67614888e-03 -2.21175923e-03 
 1.68208608e-03 -1.59800252e-03 
 1.68791295e-03 -7.54874697e-04 
 1.69286145e-03  7.64637616e-05 
 1.69742689e-03  8.71714208e-04 
 1.70203370e-03  1.63991742e-03 
 1.70652037e-03  2.30083033e-03 
 1.71267207e-03  2.97934499e-03 
 1.71943294e-03  3.33510692e-03 
 1.72784714e-03  3.14154495e-03 
 1.73667261e-03  2.24719854e-03 
 1.74249848e-03  1.36401220e-03 
 1.74725340e-03  5.53309185e-04 
 1.75219549e-03 -2.98445844e-04 
 1.75671121e-03 -1.02485463e-03 
 1.76126058e-03 -1.65110060e-03 
 1.76730145e-03 -2.24068034e-03 
 1.77189225e-03 -2.46603384e-03 
 1.77610729e-03 -2.48444325e-03 
 1.78034102e-03 -2.31967499e-03 
 1.78539776e-03 -1.89883787e-03 
 1.79183111e-03 -1.07499594e-03 
 1.79704190e-03 -2.41212474e-04 
 1.80169796e-03  5.60338378e-04 
 1.80642753e-03  1.36266106e-03 
 1.81093991e-03  2.05991888e-03 
 1.81647335e-03  2.74789832e-03 
 1.82300698e-03  3.23466081e-03 
 1.83094419e-03  3.26746132e-03 
 1.83953279e-03  2.62405824e-03 
 1.84596815e-03  1.76124954e-03 
 1.85095488e-03  9.49814580e-04 
 1.85552780e-03  1.63034020e-04 
 1.86017016e-03 -6.15281161e-04 
 1.86468614e-03 -1.29724475e-03 
 1.86983874e-03 -1.92080913e-03 
 1.87511030e-03 -2.33265853e-03 
 1.87952343e-03 -2.47249012e-03 
 1.88399868e-03 -2.41156845e-03 
 1.88822432e-03 -2.17033189e-03 
 1.89405978e-03 -1.57765693e-03 
 1.89991000e-03 -7.46583853e-04 
 1.90487261e-03  7.36021260e-05 
 1.90943992e-03  8.57047512e-04 
 1.91404938e-03  1.61452995e-03 
 1.91853623e-03  2.26641193e-03 
 1.92465244e-03  2.93368813e-03 
 1.93140050e-03  3.28879031e-03 
 1.93983221e-03  3.10461344e-03 
 1.94866190e-03  2.22857178e-03 
 1.95449636e-03  1.35949245e-03 
 1.95925729e-03  5.60719162e-04 
 1.96420644e-03 -2.79447908e-04 
 1.96872355e-03 -9.95779037e-04 
 1.97327469e-03 -1.61397185e-03 
 1.97927091e-03 -2.19369933e-03 
 1.98385310e-03 -2.41933282e-03 
 1.98807186e-03 -2.44155402e-03 
 1.99231136e-03 -2.28288515e-03 
 1.99721314e-03 -1.88805322e-03 
 2.00357784e-03 -1.09688965e-03 
 2.00879599e-03 -2.80811316e-04 
 2.01347489e-03  5.10955797e-04 
 2.01822672e-03  1.30697733e-03 
 2.02274674e-03  1.99979795e-03 
 2.02815924e-03  2.67429952e-03 
 2.03465506e-03  3.17334911e-03 
 2.04245544e-03  3.24135328e-03 
 2.05106839e-03  2.64612567e-03 
 2.05763235e-03  1.79865419e-03 
 2.06266627e-03  9.98352673e-04 
 2.06726190e-03  2.20653233e-04 
 2.07193056e-03 -5.53142606e-04 
 2.07645202e-03 -1.23169519e-03 
 2.08145550e-03 -1.84102252e-03 
 2.08689843e-03 -2.27625569e-03 
 2.09134808e-03 -2.42588354e-03 
 2.09597380e-03 -2.37103303e-03 
 2.10019161e-03 -2.13724316e-03 
 2.10589374e-03 -1.57357091e-03 
 2.11249176e-03 -6.49025929e-04 
 2.11760589e-03  1.90087171e-04 
 2.12215152e-03  9.56857365e-04 
 2.12674366e-03  1.69116333e-03 
 2.13120529e-03  2.31460034e-03 
 2.13753291e-03  2.95923095e-03 
 2.14434670e-03  3.25819093e-03 
 2.15298474e-03  2.99226071e-03 
 2.16192611e-03  2.04330156e-03 
 2.16757083e-03  1.18723457e-03 
 2.17226389e-03  4.04620959e-04 
 2.17709484e-03 -3.98142920e-04 
 2.18161172e-03 -1.08926749e-03 
 2.18622156e-03 -1.68189708e-03 
 2.19245519e-03 -2.22437229e-03 
 2.19705664e-03 -2.39883111e-03 
 2.20123094e-03 -2.37529874e-03 
 2.20541680e-03 -2.17911620e-03 
 2.21064505e-03 -1.71257076e-03 
 2.21716087e-03 -8.57460755e-04 
 2.22233810e-03 -3.38821008e-05 
 2.22692405e-03  7.34651919e-04 
 2.23157288e-03  1.48916876e-03 
 2.23605976e-03  2.14084811e-03 
 2.24191981e-03  2.79966614e-03 
 2.24856511e-03  3.19928138e-03 
 2.25687583e-03  3.10573912e-03 
 2.26561091e-03  2.33819720e-03 
 2.27164877e-03  1.49335926e-03 
 2.27649198e-03  7.09391553e-04 
 2.28102772e-03 -4.77109197e-05 
 2.28560324e-03 -7.76311019e-04 
 2.29010230e-03 -1.40666517e-03 
 2.29567933e-03 -2.00107481e-03 
 2.30059007e-03 -2.30852446e-03 
 2.30490355e-03 -2.38833218e-03 
 2.30925981e-03 -2.28194806e-03 
 2.31347661e-03 -2.00661316e-03 
 2.31952660e-03 -1.35678247e-03 
 2.32494160e-03 -5.79278149e-04 
 2.32978237e-03  2.05999026e-04 
 2.33473772e-03  1.02682336e-03 
 2.33929625e-03  1.73772281e-03 
 2.34402155e-03  2.37172131e-03 
 2.35029233e-03  2.96737707e-03 
 2.35736647e-03  3.22055062e-03 
 2.36596563e-03  2.88818261e-03 
 2.37521968e-03  1.85664104e-03 
 2.38083260e-03  9.93527259e-04 
 2.38545792e-03  2.28878695e-04 
 2.39020443e-03 -5.39446715e-04 
 2.39469441e-03 -1.19715589e-03 
 2.39968984e-03 -1.79095687e-03 
 2.40522895e-03 -2.22055396e-03 
 2.40968830e-03 -2.36213114e-03 
 2.41389327e-03 -2.31698018e-03 
 2.41810715e-03 -2.10047283e-03 
 2.42345091e-03 -1.60374741e-03 
 2.43003060e-03 -7.26508204e-04 
 2.43518990e-03  9.24256623e-05 
 2.43975581e-03  8.46016478e-04 
 2.44437344e-03  1.57566201e-03 
 2.44884609e-03  2.20016523e-03 
 2.45493290e-03  2.83865650e-03 
 2.46165855e-03  3.18001293e-03 
 2.47018380e-03  2.99923935e-03 
 2.47904063e-03  2.14857247e-03 
 2.48485129e-03  1.31349076e-03 
 2.48961051e-03  5.44591564e-04 
 2.49454952e-03 -2.61910251e-04 
 2.49906657e-03 -9.50244174e-04 
 2.50361556e-03 -1.54332130e-03 
 2.50956397e-03 -2.09538983e-03 
 2.51418673e-03 -2.31321035e-03 
 2.51841062e-03 -2.33256405e-03 
 2.52265767e-03 -2.17735473e-03 
 2.52726239e-03 -1.82345365e-03 
 2.53350583e-03 -1.08823993e-03 
 2.53873120e-03 -3.08969049e-04 
 2.54343789e-03  4.55580662e-04 
 2.54821625e-03  1.22804949e-03 
 2.55274259e-03  1.90102950e-03 
 2.55798292e-03  2.54247772e-03 
 2.56442437e-03  3.04512617e-03 
 2.57203885e-03  3.15231289e-03 
 2.58073414e-03  2.62322494e-03 
 2.58754111e-03  1.79954187e-03 
 2.59264803e-03  1.02440149e-03 
 2.59726505e-03  2.73602765e-04 
 2.60196086e-03 -4.77641942e-04 
 2.60648572e-03 -1.13606977e-03 
 2.61130225e-03 -1.71182001e-03 
 2.61698904e-03 -2.16388039e-03 
 2.62148567e-03 -2.31659507e-03 
 2.62568671e-03 -2.28308513e-03 
 2.62990002e-03 -2.08044209e-03 
 2.63499829e-03 -1.62927669e-03 
 2.64145382e-03 -8.02134296e-04 
 2.64662580e-03 -2.65840011e-06 
 2.65121084e-03  7.42504004e-04 
 2.65585323e-03  1.47195255e-03 
 2.66033882e-03  2.10149332e-03 
 2.66619110e-03  2.73551234e-03 
 2.67283641e-03  3.11754808e-03 
 2.68118362e-03  3.01787475e-03 
 2.68998269e-03  2.25762976e-03 
 2.69598508e-03  1.43790147e-03 
 2.70081911e-03  6.77503340e-04 
 2.70535257e-03 -5.60176530e-05 
 2.70992430e-03 -7.60064424e-04 
 2.71442163e-03 -1.36782361e-03 
 2.71998963e-03 -1.93790345e-03 
 2.72498317e-03 -2.23348555e-03 
 2.72930150e-03 -2.30225219e-03 
 2.73366328e-03 -2.19002500e-03 
 2.73786456e-03 -1.91619770e-03 
 2.74375366e-03 -1.29702615e-03 
 2.74913384e-03 -5.47095205e-04 
 2.75397998e-03  2.15327215e-04 
 2.75893019e-03  1.01038364e-03 
 2.76349126e-03  1.69988124e-03 
 2.76816695e-03  2.30856632e-03 
 2.77442690e-03  2.88710258e-03 
 2.78145559e-03  3.13540554e-03 
 2.79014341e-03  2.81369885e-03 
 2.79939093e-03  1.81461027e-03 
 2.80500792e-03  9.77272872e-04 
 2.80963418e-03  2.35700567e-04 
 2.81438191e-03 -5.09548858e-04 
 2.81887230e-03 -1.14745081e-03 
 2.82379732e-03 -1.71656750e-03 
 2.82946011e-03 -2.14280342e-03 
 2.83393813e-03 -2.27827812e-03 
 2.83813007e-03 -2.23226300e-03 
 2.84233259e-03 -2.02108449e-03 
 2.84743605e-03 -1.56365222e-03 
 2.85389452e-03 -7.37165103e-04 
 2.85905823e-03  5.34011078e-05 
 2.86363559e-03  7.86063047e-04 
 2.86826613e-03  1.49909301e-03 
 2.87274577e-03  2.11186899e-03 
 2.87868379e-03  2.73125205e-03 
 2.88535926e-03  3.08639276e-03 
 2.89382512e-03  2.95119944e-03 
 2.90267937e-03  2.16163619e-03 
 2.90857769e-03  1.35329068e-03 
 2.91337500e-03  6.05639956e-04 
 2.91837041e-03 -1.86792239e-04 
 2.92289587e-03 -8.60902859e-04 
 2.92745818e-03 -1.44636028e-03 
 2.93321595e-03 -1.98369491e-03 
 2.93797669e-03 -2.22029542e-03 
 2.94223693e-03 -2.25377541e-03 
 2.94652843e-03 -2.11446282e-03 
 2.95072383e-03 -1.81902988e-03 
 2.95678949e-03 -1.15753939e-03 
 2.96209329e-03 -4.08890269e-04 
 2.96687337e-03  3.38711411e-04 
 2.97174738e-03  1.10668040e-03 
 2.97629038e-03  1.77240236e-03 
 2.98122809e-03  2.38222725e-03 
 2.98756842e-03  2.91154480e-03 
 2.99486432e-03  3.08977958e-03 
 3.00361374e-03  2.67134281e-03 
 3.01133738e-03  1.81044452e-03 
 3.01665285e-03  1.03410103e-03 
 3.02128917e-03  3.03744942e-04 
 3.02602157e-03 -4.31485182e-04 
 3.03053919e-03 -1.07140192e-03 
 3.03523570e-03 -1.62177415e-03 
 3.04151790e-03 -2.10253082e-03 
 3.04610112e-03 -2.23770365e-03 
 3.05024816e-03 -2.19051007e-03 
 3.05440455e-03 -1.98423131e-03 
 3.05937817e-03 -1.54775077e-03 
 3.06576997e-03 -7.47925654e-04 
 3.07093671e-03  2.82230234e-05 
 3.07552094e-03  7.50712504e-04 
 3.08015940e-03  1.45617522e-03 
 3.08464341e-03  2.06405886e-03 
 3.09049065e-03  2.67400688e-03 
 3.09713601e-03  3.03845687e-03 
 3.10548688e-03  2.93369459e-03 
 3.11436882e-03  2.18012256e-03 
 3.12033912e-03  1.38444990e-03 
 3.12516500e-03  6.46797215e-04 
 3.12969616e-03 -6.38189707e-05 
 3.13426414e-03 -7.44055769e-04 
 3.13875963e-03 -1.32989147e-03 
 3.14431769e-03 -1.87636783e-03 
 3.14939619e-03 -2.16023510e-03 
 3.15371939e-03 -2.21836339e-03 
 3.15808671e-03 -2.10057590e-03 
 3.16227191e-03 -1.82841354e-03 
 3.16797956e-03 -1.24129796e-03 
 3.17332320e-03 -5.18654625e-04 
 3.17817653e-03  2.21677013e-04 
 3.18312336e-03  9.92095883e-04 
 3.18768762e-03  1.66114695e-03 
 3.19230495e-03  2.24485246e-03 
 3.19855163e-03  2.80767162e-03 
 3.20552654e-03  3.05266357e-03 
 3.21430618e-03  2.74372169e-03 
 3.22353839e-03  1.77900642e-03 
 3.22916032e-03  9.67276395e-04 
 3.23379054e-03  2.47726964e-04 
 3.23854263e-03 -4.75916643e-04 
 3.24303445e-03 -1.09535530e-03 
 3.24787226e-03 -1.64005677e-03 
 3.25417428e-03 -2.08874421e-03 
 3.25873685e-03 -2.19992456e-03 
 3.26286371e-03 -2.13490721e-03 
 3.26699717e-03 -1.91583911e-03 
 3.27203439e-03 -1.46189788e-03 
 3.27845766e-03 -6.52021943e-04 
 3.28361227e-03  1.17772761e-04 
 3.28818255e-03  8.26952586e-04 
 3.29280300e-03  1.51287479e-03 
 3.29727621e-03  2.09914878e-03 
 3.30328918e-03  2.69206701e-03 
 3.30999192e-03  3.01421370e-03 
 3.31857164e-03  2.84506347e-03 
 3.32752221e-03  2.03439772e-03 
 3.33331248e-03  1.24989056e-03 
 3.33807440e-03  5.25983238e-04 
 3.34300425e-03 -2.30610224e-04 
 3.34752163e-03 -8.76848530e-04 
 3.35206843e-03 -1.43261098e-03 
 3.35792275e-03 -1.94302215e-03 
 3.36272118e-03 -2.15306631e-03 
 3.36696552e-03 -2.16536887e-03 
 3.37123726e-03 -2.01188812e-03 
 3.37540843e-03 -1.71085879e-03 
 3.38139839e-03 -1.06061602e-03 
 3.38664053e-03 -3.35298396e-04 
 3.39139059e-03  3.87344318e-04 
 3.39623295e-03  1.12571634e-03 
 3.40077007e-03  1.76609271e-03 
 3.40576465e-03  2.35569405e-03 
 3.41212495e-03  2.85439307e-03 
 3.41948503e-03  3.00451893e-03 
 3.42832974e-03  2.56153721e-03 
 3.43562415e-03  1.75812770e-03 
 3.44085453e-03  1.01646685e-03 
 3.44548822e-03  3.08694757e-04 
 3.45021076e-03 -4.02881271e-04 
 3.45473388e-03 -1.02441585e-03 
 3.45934462e-03 -1.55009315e-03 
 3.46560745e-03 -2.02017345e-03 
 3.47020083e-03 -2.15612224e-03 
 3.47435333e-03 -2.11423273e-03 
 3.47851666e-03 -1.91741505e-03 
 3.48314626e-03 -1.53215910e-03 
 3.48937116e-03 -7.93839086e-04 
 3.49454722e-03 -4.85701488e-05 
 3.49915738e-03  6.55242218e-04 
 3.50383725e-03  1.35094386e-03 
 3.50833380e-03  1.95245082e-03 
 3.51393924e-03  2.54339437e-03 
 3.52050143e-03  2.93547301e-03 
 3.52855539e-03  2.90642265e-03 
 3.53748719e-03  2.24456246e-03 
 3.54367264e-03  1.47502629e-03 
 3.54858235e-03  7.56490707e-04 
 3.55313037e-03  6.40005084e-05 
 3.55772434e-03 -6.08368528e-04 
 3.56222977e-03 -1.19353516e-03 
 3.56743770e-03 -1.72257070e-03 
 3.57291788e-03 -2.05838423e-03 
 3.57732670e-03 -2.14052190e-03 
 3.58149562e-03 -2.05669125e-03 
 3.58567086e-03 -1.82051946e-03 
 3.59071903e-03 -1.35437464e-03 
 3.59632382e-03 -6.55198381e-04 
 3.60130423e-03  6.86544793e-05 
 3.60589119e-03  7.64278414e-04 
 3.61052017e-03  1.43985385e-03 
 3.61501432e-03  2.02255265e-03 
 3.62085594e-03  2.60221352e-03 
 3.62751294e-03  2.94382860e-03 
 3.63587186e-03  2.82951940e-03 
 3.64487083e-03  2.07973080e-03 
 3.65079135e-03  1.31292945e-03 
 3.65560350e-03  6.02867023e-04 
 3.66061030e-03 -1.49777504e-04 
 3.66513769e-03 -7.89247236e-04 
 3.66970205e-03 -1.34497441e-03 
 3.67533731e-03 -1.84723787e-03 
 3.68029686e-03 -2.08278946e-03 
 3.68458513e-03 -2.11242823e-03 
 3.68891046e-03 -1.97598431e-03 
 3.69308284e-03 -1.69437443e-03 
 3.69866545e-03 -1.12159862e-03 
 3.70393148e-03 -4.26048605e-04 
 3.70877497e-03  2.88411913e-04 
 3.71367966e-03  1.02215464e-03 
 3.71824082e-03  1.66036991e-03 
 3.72293600e-03  2.22159523e-03 
 3.72921345e-03  2.74558147e-03 
 3.73627044e-03  2.95386586e-03 
 3.74517591e-03  2.60804421e-03 
 3.75355175e-03  1.74740582e-03 
 3.75901341e-03  9.92210537e-04 
 3.76365417e-03  2.99297339e-04 
 3.76840317e-03 -3.99096128e-04 
 3.77291201e-03 -1.00276547e-03 
 3.77751718e-03 -1.51336955e-03 
 3.78376241e-03 -1.96772451e-03 
 3.78842873e-03 -2.09835011e-03 
 3.79258528e-03 -2.05208879e-03 
 3.79675296e-03 -1.85437767e-03 
 3.80118873e-03 -1.49163281e-03 
 3.80733233e-03 -7.82064203e-04 
 3.81251026e-03 -5.54025427e-05 
 3.81713124e-03  6.33686773e-04 
 3.82182104e-03  1.31588459e-03 
 3.82632101e-03  1.90595446e-03 
 3.83185053e-03  2.48043859e-03 
 3.83838875e-03  2.87176573e-03 
 3.84635711e-03  2.85987673e-03 
 3.85534663e-03  2.22595853e-03 
 3.86158283e-03  1.47418152e-03 
 3.86651425e-03  7.70953411e-04 
 3.87106625e-03  9.36953570e-05 
 3.87566629e-03 -5.65733391e-04 
 3.88017365e-03 -1.14063511e-03 
 3.88527178e-03 -1.65330727e-03 
 3.89090061e-03 -1.99791856e-03 
 3.89533674e-03 -2.08203728e-03 
 3.89949598e-03 -2.00315070e-03 
 3.90366222e-03 -1.77584805e-03 
 3.90842651e-03 -1.35318687e-03 
 3.91470613e-03 -5.91702121e-04 
 3.91985441e-03  1.43416571e-04 
 3.92442771e-03  8.20908385e-04 
 3.92904945e-03  1.47500661e-03 
 3.93352224e-03  2.03293703e-03 
 3.93949458e-03  2.59274928e-03 
 3.94618537e-03  2.89764174e-03 
 3.95472788e-03  2.73563959e-03 
 3.96380258e-03  1.94810373e-03 
 3.96957677e-03  1.19853203e-03 
 3.97433953e-03  5.06487810e-04 
 3.97925871e-03 -2.13932489e-04 
 3.98381976e-03 -8.35123849e-04 
 3.98836062e-03 -1.36191597e-03 
 3.99417851e-03 -1.84176149e-03 
 3.99909562e-03 -2.04099013e-03 
 4.00334892e-03 -2.04483342e-03 
 4.00763143e-03 -1.88982291e-03 
 4.01178111e-03 -1.59690237e-03 
 4.01737325e-03 -1.01570306e-03 
 4.02257150e-03 -3.32890508e-04 
 4.02735172e-03  3.60005434e-04 
 4.03221028e-03  1.06833576e-03 
 4.03675775e-03  1.68389535e-03 
 4.04159078e-03  2.23570142e-03 
 4.04790797e-03  2.72507608e-03 
 4.05510735e-03  2.89290523e-03 
 4.06408746e-03  2.49727061e-03 
 4.07170273e-03  1.70907825e-03 
 4.07701085e-03  9.91568344e-04 
 4.08164918e-03  3.15157434e-04 
 4.08638273e-03 -3.65847793e-04 
 4.09090250e-03 -9.58867853e-04 
 4.09540427e-03 -1.45059872e-03 
 4.10162340e-03 -1.90250471e-03 
 4.10643600e-03 -2.04018028e-03 
 4.11061097e-03 -1.99723066e-03 
 4.11479980e-03 -1.80473338e-03 
 4.11892557e-03 -1.48042408e-03 
 4.12494720e-03 -8.13749189e-04 
 4.13013586e-03 -1.09420378e-04 
 4.13479138e-03  5.67739999e-04 
 4.13951464e-03  1.24251270e-03 
 4.14402613e-03  1.82752422e-03 
 4.14936578e-03  2.38531299e-03 
 4.15584378e-03  2.79406944e-03 
 4.16359476e-03  2.83044008e-03 
 4.17263370e-03  2.26200815e-03 
 4.17905120e-03  1.52940810e-03 
 4.18405183e-03  8.40105807e-04 
 4.18861720e-03  1.76787213e-04 
 4.19325062e-03 -4.77271196e-04 
 4.19776388e-03 -1.04929306e-03 
 4.20260545e-03 -1.54399298e-03 
 4.20895240e-03 -1.94128138e-03 
 4.21350313e-03 -2.02475206e-03 
 4.21760812e-03 -1.94687917e-03 
 4.22171665e-03 -1.72796297e-03 
 4.22621683e-03 -1.34254646e-03 
 4.23235221e-03 -6.25976928e-04 
 4.23750356e-03  8.75561585e-05 
 4.24209160e-03  7.51899620e-04 
 4.24673015e-03  1.39796990e-03 
 4.25121266e-03  1.95241575e-03 
 4.25699753e-03  2.50096765e-03 
 4.26362539e-03  2.82842074e-03 
 4.27192472e-03  2.72643098e-03 
 4.28103976e-03  2.00608644e-03 
 4.28696616e-03  1.27345421e-03 
 4.29178737e-03  5.94239269e-04 
 4.29679731e-03 -1.24822076e-04 
 4.30132577e-03 -7.35447319e-04 
 4.30589041e-03 -1.26592836e-03 
 4.31142782e-03 -1.73893428e-03 
 4.31660391e-03 -1.97267769e-03 
 4.32091908e-03 -1.99605337e-03 
 4.32548220e-03 -1.84849160e-03 
 4.32962646e-03 -1.56962848e-03 
 4.33485987e-03 -1.05003366e-03 
 4.34007463e-03 -3.92414823e-04 
 4.34540841e-03  3.58932035e-04 
 4.35026603e-03  1.05103064e-03 
 4.35490904e-03  1.66446842e-03 
 4.35962739e-03  2.19062135e-03 
 4.36600912e-03  2.67377855e-03 
 4.37310681e-03  2.83691797e-03 
 4.38223888e-03  2.44429663e-03 
 4.38985381e-03  1.67103332e-03 
 4.39516351e-03  9.68516070e-04 
 4.39979675e-03  3.08029340e-04 
 4.40452546e-03 -3.56259736e-04 
 4.40904359e-03 -9.34471447e-04 
 4.41354427e-03 -1.41332133e-03 
 4.41973642e-03 -1.85096105e-03 
 4.42462179e-03 -1.98468328e-03 
 4.42880254e-03 -1.93884374e-03 
 4.43299777e-03 -1.74662145e-03 
 4.43708652e-03 -1.42964686e-03 
 4.44287622e-03 -8.03600120e-04 
 4.44802028e-03 -1.23824676e-04 
 4.45269083e-03  5.39361969e-04 
 4.45742467e-03  1.20149842e-03 
 4.46194433e-03  1.77695910e-03 
 4.46717558e-03  2.31762139e-03 
 4.47362341e-03  2.72872368e-03 
 4.48125644e-03  2.78591106e-03 
 4.49035996e-03  2.25211058e-03 
 4.49687902e-03  1.53529435e-03 
 4.50191647e-03  8.59988451e-04 
 4.50649425e-03  2.10411527e-04 
 4.51114455e-03 -4.32710771e-04 
 4.51566065e-03 -9.95331532e-04 
 4.52036545e-03 -1.47221744e-03 
 4.52666839e-03 -1.87364683e-03 
 4.53139988e-03 -1.96892781e-03 
 4.53553184e-03 -1.89802072e-03 
 4.53967038e-03 -1.68698904e-03 
 4.54378395e-03 -1.35103083e-03 
 4.54975883e-03 -6.85945164e-04 
 4.55492322e-03  4.43249117e-06 
 4.55953397e-03  6.56322631e-04 
 4.56421124e-03  1.29887799e-03 
 4.56870690e-03  1.85330903e-03 
 4.57423106e-03  2.38978186e-03 
 4.58076977e-03  2.74972273e-03 
 4.58874715e-03  2.72384202e-03 
 4.59789780e-03  2.09358170e-03 
 4.60406256e-03  1.37917648e-03 
 4.60897505e-03  7.12050883e-04 
 4.61352185e-03  7.11546111e-05 
 4.61811343e-03 -5.49549479e-04 
 4.62261715e-03 -1.08842602e-03 
 4.62769522e-03 -1.56405701e-03 
 4.63346427e-03 -1.88436947e-03 
 4.63790809e-03 -1.94966768e-03 
 4.64204297e-03 -1.86214439e-03 
 4.64618175e-03 -1.63664134e-03 
 4.65044573e-03 -1.27470806e-03 
 4.65644518e-03 -5.92504528e-04 
 4.66158946e-03  9.85552232e-05 
 4.66618199e-03  7.43346935e-04 
 4.67082381e-03  1.37010677e-03 
 4.67530740e-03  1.90756518e-03 
 4.68104476e-03  2.43551622e-03 
 4.68765798e-03  2.75433177e-03 
 4.69590689e-03  2.66067551e-03 
 4.70510883e-03  1.95927137e-03 
 4.71104156e-03  1.24837236e-03 
 4.71586969e-03  5.88874019e-04 
 4.72088257e-03 -1.08748215e-04 
 4.72541183e-03 -7.00881440e-04 
 4.72997675e-03 -1.21518269e-03 
 4.73544507e-03 -1.66931231e-03 
 4.74076609e-03 -1.90180536e-03 
 4.74509964e-03 -1.92137868e-03 
 4.74922679e-03 -1.79570043e-03 
 4.75335502e-03 -1.53675433e-03 
 4.75800937e-03 -1.10553341e-03 
 4.76318477e-03 -4.92655029e-04 
 4.76809818e-03  1.69558211e-04 
 4.77308072e-03  8.61956792e-04 
 4.77767202e-03  1.46759472e-03 
 4.78222082e-03  1.99093246e-03 
 4.78816187e-03  2.49544272e-03 
 4.79495889e-03  2.75787834e-03 
 4.80353693e-03  2.56340802e-03 
 4.81288745e-03  1.75782866e-03 
 4.81862039e-03  1.03994930e-03 
 4.82334150e-03  3.90123131e-04 
 4.82819379e-03 -2.74006311e-04 
 4.83280508e-03 -8.52633550e-04 
 4.83732140e-03 -1.32700766e-03 
 4.84331289e-03 -1.75637547e-03 
 4.84833808e-03 -1.90838978e-03 
 4.85256008e-03 -1.87648479e-03 
 4.85680371e-03 -1.69891704e-03 
 4.86089529e-03 -1.40000783e-03 
 4.86610456e-03 -8.68849886e-04 
 4.87115996e-03 -2.35814276e-04 
 4.87640433e-03  4.81330704e-04 
 4.88114765e-03  1.12734746e-03 
 4.88577447e-03  1.70387945e-03 
 4.89071714e-03  2.21138012e-03 
 4.89718670e-03  2.63698114e-03 
 4.90452792e-03  2.73071909e-03 
 4.91380567e-03  2.25393014e-03 
 4.92058062e-03  1.55129649e-03 
 4.92569727e-03  8.91632741e-04 
 4.93029772e-03  2.59377314e-04 
 4.93497725e-03 -3.70532141e-04 
 4.93949697e-03 -9.21385259e-04 
 4.94399437e-03 -1.37344506e-03 
 4.95023040e-03 -1.78173265e-03 
 4.95520639e-03 -1.89590267e-03 
 4.95937702e-03 -1.83623428e-03 
 4.96355976e-03 -1.63731582e-03 
 4.96761384e-03 -1.32309560e-03 
 4.97304254e-03 -7.50693839e-04 
 4.97810757e-03 -1.06184285e-04 
 4.98278449e-03  5.32721215e-04 
 4.98751718e-03  1.16979529e-03 
 4.99204340e-03  1.72451849e-03 
 4.99719322e-03  2.23828417e-03 
 5.00000000e-03  2.45059714e-03 
